0 0 0 0 0 0 0 0 0 0 0 0 0 0 0
0 340 340 0 0 0 0 0 0 0 0 0 0 0 0
0 340 340 0 0 0 0 345 5 0 0 0 0 0 1.49012e-09
0 340 320 0 0 0 0 360 0 0 345 355 0 0 1.3
0 340 320 0 0 0 0 360 0 0 360 360 0 0 4
0 340 295 0 0 0 0 360 0 0 360 360 0 0 4
0 340 295 0 0 25 0 360 0 0 360 360 0 0 4
0 340 295 0 0 45 0 360 0 0 360 360 0 0 4
0 340 295 0 0 60 0 360 0 0 360 360 0 0 4
0 340 295 0 0 80 0 360 0 0 360 360 0 0 4
0 340 295 0 0 95 0 360 0 0 360 360 0 0 4
0 340 295 0 0 110 0 360 0 0 360 360 0 0 4
0 340 295 0 0 125 0 360 0 0 360 360 0 0 4
0 340 295 0 0 125 0 360 0 0 360 360 0 0 4
0 340 295 0 0 125 0 360 0 0 360 360 0 0 4
0 340 295 0 0 125 0 360 0 0 360 360 0 0 4
0 0 55 0 0 0 0 0 0 0 0 0 0 0 -4.5
0 0 55 0 0 0 0 345 10 0 0 0 0 0 -4.5
0 0 55 0 0 0 0 345 10 0 345 5 0 0 -2.6
0 0 55 0 0 0 0 355 5 0 345 5 0 0 -0.8
0 0 55 0 0 0 0 355 5 0 355 0 0 0 -0.8
0 0 55 0 0 335 0 355 5 0 355 0 0 0 -0.8
0 0 55 0 0 300 0 355 5 0 355 0 0 0 -0.8
0 0 55 0 0 275 0 355 5 0 355 0 0 0 -0.8
0 0 55 0 0 255 0 355 5 0 355 0 0 0 -0.8
0 0 55 0 0 230 0 355 5 0 355 0 0 0 -0.8
0 0 55 0 0 215 0 355 5 0 355 0 0 0 -0.8
0 35 55 0 0 215 0 355 5 0 355 0 0 0 -0.8
0 55 55 0 0 215 0 355 5 0 355 0 0 0 -0.8
0 70 55 0 0 215 0 355 5 0 355 0 0 0 -0.8
0 90 55 0 0 215 0 355 5 0 355 0 0 0 -0.8
0 105 55 0 0 215 0 355 5 0 355 0 0 0 -0.8
0 145 55 0 0 215 0 355 5 0 355 0 0 0 -0.8
0 310 230 0 0 215 0 355 5 0 355 0 0 0 -0.8
