0 0 0 360 0 0 0 0 0 1.3262e-07 -6.2
0 0 0 360 0 0 0 0 0 1.3262e-07 -6.2
0 35 0 335 0 350 0 0 0 1.3262e-07 -6.1
0 345 0 10 0 360 0 345 0 1.35601e-07 -5.3
0 15 0 345 0 345 0 355 0 1.35601e-07 -3.4
0 355 330 345 340 355 5 350 0 1.35601e-07 -0.5
0 355 330 345 340 355 5 0 0 1.35601e-07 -0.5
0 355 330 345 340 355 5 20 25 1.35601e-07 -0.5
0 355 330 345 340 355 5 0 20 1.35601e-07 -0.5
0 355 330 345 340 355 5 345 5 1.35601e-07 -0.5
0 355 330 345 340 355 5 335 5 1.35601e-07 -0.5
0 225 330 250 300 355 5 355 5 1.35601e-07 -0.5
0 225 330 250 300 355 5 355 5 1.35601e-07 -0.5
